// 28째30'46.4"N 80째36'45.4"W origin
// 28.409630, -80.589674: 28째24'34.7"N 80째35'22.8"W target
lat_north = 28.524668
lat_south = 28.398260
lon_east  = -80.499703
lon_west  = -80.678852
datum_lat = 28.460842
datum_lon = -80.591602
